x <-
structure(c(-0.12080028983182083, 0.035288377817029239, 1.7589898565135933, 
1.1357432439172661, -0.07044172184527385, 0.037944932735435484, 
-0.2341386037332884, 0.17393779811319157, -1.6451165148121272, 
-1.4196289442417664, -1.1505840226745692, 0.26742001405319565, 
-0.95241375829220609, -0.66469817253739871, 1.0118683172462337, 
0.4393716856519958), dim = c(4L, 4L))
y <-
structure(c(-0.21479209079330047, -0.42031901942167132, -0.8431502388509956, 
2.1375004852937858, 0.65000056492914571, -1.3617081524223034, 
1.036883693643154, -0.02109242984392028, 0.97422156815402294, 
0.54644858750798142, 0.6782242550316272, 0.48815690757012742, 
0.13896673101480539, -1.9026836336044557, -1.1664547794986342, 
0.19124185894795148), dim = c(4L, 4L))
