x <-
structure(c(1.0168236542641051, 1.0298580651756704, -1.1623958511009818, 
-0.32588794870135379, 0.30355659350687397, 1.3641724113326075, 
0.29895632348419271, 0.77501883692153128, -0.88529326778735762, 
0.15967920069672351, 0.71944968877924897, -1.3992169369319054, 
-0.6447588514764202, 0.45777365168009088, -1.3483434356164428, 
1.1325988751279032), dim = c(4L, 4L))
y <-
structure(c(0.78643047906198538, 0.46503093644033228, -0.38010641245421839, 
0.43509323036974801, 1.6759139045257658, 0.4563102732807538, 
0.95715450385834577, 0.037468841101446923, -1.1948450491009543, 
-1.0983772634862783, 0.7120354936378771, -1.8023095640240865, 
0.16959113861709305, -0.39488136985972494, -0.031876621082817316, 
-0.86401879023480066), dim = c(4L, 4L))
