x <-
structure(c(0.044690048506821761, -0.023994284616312974, 0.37973904387933838, 
0.60997807420976269, 0.33105772817704937, -1.2924632148690574, 
0.97036705658010203, -0.43029897160715364, -0.25319752366076281, 
-0.86931498895664749, 0.011102616397903116, -0.59769887378722986, 
-0.75897046013465763, 0.75758928084316901, 0.61687656468975038, 
-0.010485950562838844), dim = c(4L, 4L))
y <-
structure(c(-1.4625986922349623, -1.1698320856844959, -0.25885377777713392, 
-0.36597655506836935, 1.0636421644739231, 0.12336421117474759, 
-0.3384734294048235, -1.9696398672789102, -1.1429099873256352, 
1.535205873129347, -0.86843212564242456, -0.64395086060877826, 
0.5625209396195503, -0.33134910857978439, 0.19222174285615776, 
-0.75277559155806184), dim = c(4L, 4L))
