x <-
structure(c(1.0716201251590041, 2.2750097142337902, 1.7820070610312928, 
-0.023819216685813802, -0.011873179739730103, 1.2479563177136661, 
-0.30267305241249454, 2.1841203433791696, -0.76457724126320992, 
-2.8297456758720494, 0.43149748952206884, -0.24857197735956324, 
0.86409695512094786, 0.74398318681037623, 0.65927904635995904, 
1.823132680349123), .Dim = c(4L, 4L))
y <-
structure(c(-0.14169100449815608, -0.55093071419520923, -0.66020930427399549, 
0.88639443476771518, 0.7873925395751491, -0.28530560575083486, 
-0.34739689831483372, 0.19383619152124448, 0.52102855097268053, 
-0.81130945461064441, -0.16977577175500103, 0.27145474167411349, 
-1.085784289664496, 0.2014263490616065, 1.5471618502540798, -0.053638392798881614
), .Dim = c(4L, 4L))
