x <-
structure(c(-0.32845624887023978, -0.33774439971347414, -0.37408832755279597, 
0.062558656236473442, 2.2497598533988579, -1.4789445552494926, 
-1.8224003934777679, -1.8361043509374866, 0.78981209764742488, 
1.7946109591092936, 0.544922123517523, -0.60349955988872195, 
0.056790995341220576, -0.83385756072698569, 0.23437016865189997, 
0.29276352522343813), dim = c(4L, 4L))
y <-
structure(c(1.2751724210903217, 0.28832165347373495, -0.14803314306679313, 
2.1976640938846415, -0.33019198567938635, 0.47880378114908273, 
1.3636636872756851, 0.069019377841760043, -0.37956016565427447, 
-0.997921513044986, -0.031683362043419531, -0.0098235321265954401, 
0.60082115727938579, -0.98189366457464866, -0.81041294872462666, 
0.096476770484087787), dim = c(4L, 4L))
