x <-
structure(c(-0.40832384738693833, -0.12484858777267728, -0.076856810627497676, 
0.06595860034150218, 1.2723942024377128, 0.24042971302832034, 
0.042664030771517647, 1.024374840250273, -0.89129698481323738, 
-0.73065317682066744, 0.5289510394005954, 1.4109814557966822, 
-0.24714246946436746, -0.93289106984051196, -0.85313253759924013, 
0.14536671298542081), dim = c(4L, 4L))
y <-
structure(c(-0.95657104257763681, -1.2360429655528407, 1.8094432398630211, 
-1.1190038252159407, 1.2094875338716202, 0.56018148459715678, 
0.62639541366973805, 1.4483051100634095, -0.42883846023929639, 
0.68632851014849428, -0.34683460428566548, 0.80636274898140525, 
0.10431512277401923, -0.12695711146342958, -1.3845195179509382, 
-1.5177218690519021), dim = c(4L, 4L))
